2.853094793839777710e-01
6.919626305584981596e-01
1.774029129097361990e-01
3.383234594410988727e-02
1.060160675291184351e-01
3.681801114648540485e-02
4.228776357404158415e-03
1.903740146329351360e-02
8.510253723149025645e-03
3.406975089840743043e-01
5.827970657022937123e-02
1.067875445871557978e-02
1.665103832529257200e-01
8.948036898359549296e-01
2.135715371820892314e-02
5.103976000640971303e-03
2.554461386385833976e-01
1.380068978307257064e-04
2.144305491659976182e-03
4.536723306202776751e-01
2.801835206785983922e-05
1.783157446120717526e-01
7.473112647323099274e-04
8.653089919345328257e-03
4.368432838985777337e-04
1.765961517335507269e-01
9.870612903714341604e-04
4.251396530261598167e-02
2.337886607588090387e-02
5.120693132573733708e-01
1.994402811589168854e-03
5.715575612666830979e-03
3.438162833859929601e-01
9.657033501994042451e-05
7.219735616224519890e-04
5.220989707089338351e-04
2.907469099216365357e-02
2.445147151985387346e-01
1.965365203104415051e-02
1.164556296845685457e-01
1.986843252691258832e-02
3.035378130175169073e-04
5.951297088863842857e-03
4.835736157891473014e-02
2.881073038557420331e-03
3.246804938149907421e-03
5.062022374361740962e-01
8.704341568613754160e-03
1.121904114453045956e-03
2.991947988303333417e-01
9.118215975146908292e-01
3.734921963020679248e-02
3.515921977368906270e-03
7.378201393040003664e-01
4.488936428580062588e-01
2.255293783788154399e-03
2.393719858819522497e-02
1.345175885002631438e-02
6.141532696037622615e-04
1.451562588622172523e-02
1.011646255231858296e-04
3.186095081432564150e-03
1.536224406279318791e-02
1.939040235150670255e-01
2.529133773490042664e-04
7.588196658575095954e-01
5.620307881106984850e-04
1.141382535511793793e-03
3.244548350177234308e-02
4.867270462585422154e-03
4.535397389350237854e-03
5.548634387151230030e-02
1.660751522068935416e-03
2.099998622124767678e-01
4.532580223217441140e-01
3.224825111993155375e-04
1.369464315169208581e-03
5.246290071121515602e-04
5.809863774878377789e-03
1.795111334534244263e-01
9.678345617030089665e-01
1.257191127098059580e-01
3.164212291325553756e-04
1.642713842650156755e-03
1.611945250479928239e-04
8.851408276526610483e-03
6.927589683929372133e-02
3.975339173554659944e-04
4.091786344692338075e-03
2.191152978956652751e-03
3.060165469747047062e-01
3.495556051758421101e-01
1.186150612127432257e-03
2.645538007127139386e-03
9.783160280352465321e-01
7.468126784467795654e-01
2.137986047025280023e-04
1.686917598035823571e-02
1.365383259811525120e-03
1.427385388622872953e-01
3.303074254686525803e-03
8.490034985407750312e-02
3.122160999594829622e-01
1.605037061176613211e-02
1.727914079962550656e-02
2.304494077637576736e-03
3.679371284951867081e-03
7.446046868722815473e-04
3.337047319323914463e-02
9.084960710522350588e-03
1.317416235704543526e-01
1.364940675549085780e-04
1.600595658015686439e-03
6.954585508227861812e-03
3.263619851798501355e-05
3.494355867910445539e-03
2.338997473975255592e-01
6.201210592218678823e-06
1.766876718923788420e-02
6.434828817467942441e-01
9.098967854108927532e-05
2.212163507975594811e-03
3.620327835980424215e-03
1.800111872289759107e-01
1.434702945736433255e-01
1.520566407130541364e-01
5.683350294829016269e-02
3.452757776430502301e-01
1.961941537273690413e-03
2.253887720872824879e-02
2.281617801315531831e-03
7.737184901601451732e-03
6.694953667701813993e-01
1.636065508683817726e-02
1.204932893739902276e-02
7.044429228606612081e-02
5.155508700611529348e-04
3.749655185654893197e-02
5.308361501200865255e-05
6.513944939809001482e-04
5.912308682741214275e-04
7.029469006920220642e-02
4.300190836047896453e-02
4.196403995117141926e-03
3.446062835790775518e-04
1.836770278820950533e-04
4.590267469544915407e-03
3.574842343825648024e-03
8.356369620032031787e-04
2.640762390098338325e-02
6.771006233025875232e-02
3.898538337003492309e-05
3.587119721214297209e-03
8.035494118766660474e-05
8.200294603733183640e-01
1.624072509095578210e-01
5.547562952848313945e-03
1.052578810167204358e-05
4.944044581806516028e-03
1.479163646963889281e-03
5.160015542595837168e-01
1.651784320077146102e-03
6.867467103498388608e-05
2.986411635063554795e-02
2.329814397903723355e-03
9.227424395844096017e-01
4.462355361793446211e-03
5.067465494298008070e-03
1.341836412512137423e-05
6.701887896336364628e-03
9.075900872176663817e-03
1.883596591061636322e-02
5.616304091990682590e-01
4.041000754473485744e-03
5.030110079787861732e-01
2.884966215231798969e-01
6.156802847799049960e-01
5.527745244296240062e-02
1.142570129933714040e-01
8.030944321409242900e-03
1.408066319668982436e-02
7.518607460998819048e-02
5.969983597821643811e-02
5.885729739160431781e-03
7.582635970658753166e-01
1.917277142865348892e-03
4.914278512439078372e-04
1.340220621404947521e-01
3.487785438912617379e-03
3.517649928528600659e-03
1.343983813571345476e-04
2.231870317243581092e-02
5.200881925204995163e-03
5.648903013740219506e-04
1.501608568775089914e-01
2.261287994135970330e-04
9.640603809347048775e-04
2.999327251727560983e-01
6.587493974694025312e-01
1.619171535226335279e-01
6.541151725010113660e-02
3.245706439720928704e-02
1.283555917924837121e-02
3.682861863203649999e-02
1.517559527789171317e-02
4.496385611053958509e-01
2.486929064358915364e-01
1.311036266007125362e-01
2.482336542285386999e-02
2.081915840337904625e-02
2.612849916757197920e-03
2.718945738452569733e-05
4.120654597724187490e-02
1.044103167846363034e-01
1.445357506644872891e-01
2.214621770413653309e-02
6.859966599703461176e-02
3.871959248497243954e-03
3.719085725664081354e-03
5.569254857089165345e-01
9.920119591888884938e-03
5.729690116618045906e-03
2.843035553955246611e-02
6.698245293173474019e-04
3.507977320314638603e-01
4.105557828201319981e-01
3.312154093779448583e-01
1.450085656915638122e-02
3.413721595794470386e-03
6.274349187439019412e-03
2.148116002769380750e-01
7.469512410403408853e-02
6.207278650297311760e-03
4.918041665940314777e-02
1.756172543397821195e-01
1.387551827210226074e-02
1.864244016691019024e-02
1.754567559995017234e-01
3.956817025838545859e-02
1.863561897146832696e-04
3.564917033749009229e-02
3.676661650007203436e-02
8.616974545996677892e-03
1.536814534482519069e-02
8.386191696012187946e-02
9.888081709560951893e-01
2.969359276067635167e-01
2.442831318283731623e-01
4.727637617416447641e-02
8.082254258201655717e-02
6.252968826160265614e-02
6.380141528601347423e-01
6.065824288941800866e-04
4.223256777215851567e-04
7.617077587412768476e-03
7.106569773136717227e-02
1.159134733026349062e-01
1.270323044891884419e-02
1.758896090708340822e-03
8.800742889257192570e-06
1.105024786872444223e-02
1.331865585902197446e-01
1.591490032069425278e-04
2.591913893234293331e-01
8.124484058085129634e-02
1.011628882831254982e-02
3.568585592040717110e-04
6.169854240342628193e-01
7.437090227148543398e-02
1.343400356644228189e-02
5.191682600783693868e-02
8.863580907389432065e-03
2.680909263993049626e-03
5.373090788020645769e-02
7.921785293216784818e-03
2.274815064645450621e-02
6.565310430647899875e-02
6.603454749799314571e-01
3.228235074049722348e-06
9.224718187342446918e-02
6.590131983852842712e-01
1.343063930953772300e-01
1.023953708905733645e-01
7.214172023265862099e-02
6.580917526973813214e-02
2.849415687782356349e-03
7.381432057903017929e-01
1.811733714748562929e-01
1.733940233905632289e-01
8.545658257354473916e-03
2.612581978920255725e-04
6.278974640982309648e-04
1.211087928491816901e-01
2.830805742690464463e-02
1.502780004417312854e-01
1.028763767733001903e-04
3.413015863313895171e-01
1.157997766807710420e-04
9.108617382816812380e-03
8.490682154817928706e-03
1.042975454155709164e-01
4.518398924856105170e-01
2.907537909243185052e-03
2.341100068462747749e-02
3.339264494439607954e-03
9.436303166828940092e-05
5.515758934849072925e-02
8.743757159998644113e-03
1.299070364384149676e-02
9.537832401931943668e-04
1.829771709746479680e-01
4.000837803115698328e-04
4.335035400431506286e-02
1.675757214596800271e-01
3.919344793830030526e-05
3.756615110580907319e-03
2.030483765223108639e-01
4.546620153203122412e-03
2.283354486569405331e-05
1.901889038370147261e-03
4.755526354489488655e-02
1.839169667038246777e-03
6.195833350390845817e-01
2.191113410842111375e-03
2.250672084979581447e-02
1.198604318019995049e-02
1.885109048012735544e-02
1.219938215011622982e-04
1.554919956282959856e-02
1.595214453843333546e-01
9.353937987607604740e-03
1.337266932869671417e-03
1.187674314009893733e-01
1.908519726291018443e-04
1.892881418041371389e-01
5.035363392465765919e-01
5.465927781476891210e-04
2.734660373115375270e-05
6.276461073532281221e-01
6.733911810664601205e-01
3.045422605760471008e-05
4.286714023600626832e-04
9.276679653724884123e-02
3.099441963955151032e-03
4.947580279545445991e-01
1.658602635626202915e-01
3.366515640689515254e-01
4.614647599755328233e-01
6.846715917456711598e-01
8.191388609445525437e-02
4.308335041411023316e-04
5.242808803920077088e-01
6.692516003086049832e-05
1.717079639335726202e-02
9.455973705147188157e-01
3.020522082608415038e-02
9.442886371296307368e-01
9.939068300169752457e-02
1.047062916390016779e-01
6.304757282134690962e-06
1.777444181179857480e-05
2.576090059024707668e-01
9.971489186305450003e-01
5.977131272364034631e-01
1.289638697780036945e-03
6.778530519802011389e-04
9.175495457145320822e-04
1.587904500164941946e-01
5.789903976649989348e-01
1.476323722546303693e-03
1.891890885906386821e-01
4.531790770257561329e-02
6.906852232448673634e-01
1.087263182989146495e-05
3.398832003422454229e-03
2.263660726968280842e-04
1.516214047380302909e-01
3.293565476586422097e-02
9.784448651339794009e-03
6.021818954071130880e-01
2.167836515712759371e-01
1.024494165388518344e-03
1.598191585057795738e-01
1.193083393762545477e-02
2.511313090155366523e-01
9.981359147968420498e-01
1.002453295205361049e-02
4.605569705821665441e-04
7.693953791520253827e-01
9.722392450207845149e-01
1.679795245492442116e-03
3.701582821073218666e-04
1.052900777180662550e-01
6.232319517718038632e-03
3.108128027375675010e-03
2.650420425149118686e-01
2.129272208673888001e-02
3.346464713308585498e-02
3.103353452980178381e-02
6.341017942685367448e-02
3.109616572004965107e-01
2.623456360872687410e-01
1.612871280131408075e-04
2.848206697759378316e-03
1.253084187033953604e-04
9.746335220423762991e-02
1.505815637184340916e-01
2.900589736016536205e-02
1.296423220185222436e-01
1.321867741292207521e-01
5.162401829705454137e-03
6.152459653701942977e-02
5.926183352904597079e-01
3.880457879828576231e-03
6.163285296161299595e-03
1.182771349228675661e-01
4.576071809835911552e-01
5.673576960491361412e-03
1.365258382726057887e-02
5.595368806770484489e-03
5.348074619631140725e-02
1.340367949372335598e-03
6.746988637216371452e-03
2.111691341709655810e-04
2.615870414004977610e-03
2.510729632511331244e-03
2.837956931269097760e-02
6.650248533377492444e-03
5.704269121806695465e-03
9.407362130656996557e-01
9.723125498740720074e-01
4.270449193100456925e-02
1.005861437541931083e-05
2.166321809134005849e-02
2.372889875431315534e-02
1.821222233047900801e-03
1.369377078609385935e-02
7.154596930234378149e-01
1.746378313036269685e-03
2.831069567870063697e-01
6.569883271586284164e-03
1.487206913558133670e-01
4.368550766398765647e-04
3.850489613721617965e-02
1.683288285840310854e-03
1.161060986915695738e-02
2.575157949555416728e-03
2.098076349087138470e-03
5.296649683826471855e-04
7.395758861377055293e-02
7.848553565671921584e-02
3.077163531873184921e-01
3.157949205063995818e-02
8.290608384937290035e-03
4.287722816337679634e-03
1.519610787958454445e-01
9.366181576009909859e-01
6.141255970382015344e-02
3.613881389343068240e-02
2.024952034661556613e-03
8.656565591845678115e-03
3.910367996427824983e-02
1.570444718662799069e-02
2.152242176687621522e-03
5.700266071073346267e-04
2.438511344249733731e-02
3.563465367282920800e-04
3.502846380814542138e-02
7.834942355686007331e-02
1.048303781781917627e-03
9.454090275195245474e-02
9.475941446738458951e-02
4.126677326665950077e-04
5.061350801350276334e-04
8.172623258736012170e-03
2.241887537911790851e-01
2.012894520142112162e-02
6.250514347242773494e-02
7.258898862462087598e-03
7.896167894883987385e-04
4.688918162660208472e-03
3.016822316503697983e-03
9.356324221420697163e-04
1.353279658936822234e-02
7.808966060563113931e-01
2.161474400232048232e-02
6.207324177009746445e-03
5.107744615883531569e-01
2.654248413635349173e-03
1.178015185507210046e-04
8.337968195566819452e-01
1.733251924136219591e-01
1.014974432794703008e-01
2.077192617664123386e-01
1.066562108265456507e-04
8.435875448144706037e-03
5.635320180180377649e-03
1.216392120481418586e-02
8.441903126059293605e-01
6.844731876201044340e-05
9.566404624634917281e-03
8.477898608431197469e-02
1.954556346032055095e-02
2.092182362045694958e-05
8.467347018394901989e-03
8.367896593397431771e-04
6.584399999054302288e-02
1.627273875605812770e-02
2.163115743607487429e-01
1.146516291490328049e-01
5.276546940947497433e-01
9.520869867255481456e-01
2.547277687345849643e-03
8.040114535371538640e-01
1.963893135749629829e-02
7.161880534927002676e-03
1.119221053829998940e-03
3.148112699411892662e-04
3.335986774643887043e-01
1.237479034841149214e-04
1.236913949398358997e-01
1.118147430037561146e-01
1.949907892205489726e-02
2.837632195169867422e-01
5.176635944924649069e-01
1.028253628245740176e-03
1.788740303044955293e-01
2.040558994438766889e-04
1.394275572310972819e-05
2.089796187225799635e-03
8.208763444584817742e-03
1.336664753276756157e-02
1.403819826057328170e-03
3.592392021714962413e-01
2.389631903725318671e-03
9.746223278442582849e-01
1.345598633152633120e-03
7.340934297433070709e-03
9.710684943916730611e-04
5.967415354192203564e-03
4.750522616097765439e-04
4.086112413854691705e-01
3.854143517398423780e-04
5.156260416457772965e-03
8.533234983996728085e-01
7.679657102868392296e-04
5.228295232409476204e-03
1.471254803151642032e-01
1.112476366229509656e-01
1.200834759066014314e-02
2.831823071981008063e-05
3.163714492998158010e-04
2.919822134255357221e-02
2.582517200752372077e-04
6.165937719889493310e-03
1.953989158554780576e-03
1.606056544444264648e-03
2.036536026539863438e-03
2.355724244689154801e-03
1.095736325580198151e-03
3.729979035155530308e-04
8.671618363884651959e-02
2.694274199539887227e-01
2.604162429369019541e-04
8.412595130222415563e-01
1.211260492511228443e-01
2.276747636490570117e-02
8.993934600949009608e-03
9.651956447635494808e-04
4.060398062988295753e-01
1.711563512760009426e-02
6.149690756964158213e-03
8.507579962839258549e-04
8.090267485452129481e-01
1.244421337552971546e-01
3.999710681103152421e-02
3.126624911662482208e-03
1.038217824642305861e-05
2.707459230361293837e-02
3.002350694335262447e-03
1.345666039525673669e-03
2.616016961106592837e-03
1.010382142329799656e-04
2.379833544790686817e-01
2.926431778498364469e-03
6.522524248334875541e-01
1.356240269646945273e-01
2.373449575060703753e-01
2.447416573915126795e-03
3.047579655678832322e-02
8.281199038041253679e-01
3.923375440206780529e-03
1.785764964085745019e-02
8.783770439534056562e-01
2.682335080154733126e-02
2.214370689641803960e-04
1.870500526906808680e-01
1.636016101500348263e-02
4.368839275107024023e-02
1.157564683964565772e-01
3.029880901765672624e-02
2.910763737850200015e-04
1.215948754027859581e-03
1.651176929382190961e-01
6.392931931964767056e-01
6.282933667660513255e-02
5.970159859581969028e-03
3.531889279907513002e-02
5.252801031079979387e-03
1.869930196680423583e-03
2.325205510490342409e-01
9.682581989195098160e-01
5.010684347224910991e-04
1.221436756444291164e-04
3.017704063424397204e-03
8.240895647903366192e-03
6.323633233534655534e-03
2.856557981210897817e-04
5.161616135286194867e-02
4.288219317519333385e-01
9.619305959645181314e-01
9.978371949643709358e-04
1.494135831561389516e-01
2.081416779856415172e-04
2.449461082032038800e-02
4.648372765856905592e-02
1.294824034217764153e-01
8.643130025337800171e-02
6.192449791500327372e-01
1.277950239069423899e-03
6.969135842177323972e-03
1.429894103104670244e-02
3.971978426016348762e-01
1.850605222552344675e-04
8.716793346032612744e-03
1.264003514411189189e-05
2.032651175802564682e-03
3.206749279594494750e-03
3.093897962507529374e-03
1.753970175890767758e-03
3.543940106871983908e-01
1.156506318377312127e-05
5.476413984839030580e-02
5.029575803624471760e-04
3.478662868009257253e-02
9.049047179880915018e-04
2.299884923582291574e-01
2.572370999024171101e-01
5.382702224548544523e-01
1.042715384413560710e-03
8.371698085245945498e-01
5.184156619938706800e-01
5.368937708675690645e-01
4.979547871798203906e-03
7.054950528422249123e-01
2.420169518071293557e-03
6.891424905205720819e-01
3.087633271721045708e-02
3.327030831799123855e-03
2.399484139662335953e-06
4.525908038441556723e-03
3.879741672583418566e-02
5.883940104107067415e-03
3.942363509070028194e-01
1.244487577630935121e-01
1.514497121883193013e-02
1.236410077160072889e-03
8.579360323181489667e-02
8.114755727454474321e-02
2.510541595365437528e-01
2.141121075217856107e-01
1.969409083879850864e-01
4.301769356514325016e-01
1.253638141681507733e-03
1.010281999145391666e-03
4.794598259234833103e-04
6.680385844479902469e-02
6.668975479729710720e-01
1.187215249331034228e-01
3.176745697170695881e-01
1.314383754131181747e-01
4.124034322747262022e-04
4.923364499057674044e-03
1.932973120109342940e-02
6.785681256013615936e-01
1.756416794003255039e-02
5.742375312054018854e-01
1.135242977291343533e-02
4.063937030263560513e-02
1.021956675810200763e-02
3.160509300472936212e-01
4.673482070462958021e-02
9.938037750024049377e-02
3.187529743054993703e-01
2.144259289189133066e-03
6.058262216132143108e-02
5.105718161642601623e-03
9.110984112610344475e-05
3.547531871613398896e-04
1.530650250592316365e-03
5.425081868326385838e-04
3.762207115008778247e-02
8.312129840567608619e-02
2.093846306586856932e-03
5.472155148025292098e-02
2.901812972373454466e-03
6.536864097660395612e-02
4.308329065149323935e-03
1.301185695241296736e-01
3.835398159991478245e-03
9.996754119546213957e-01
2.084517311790792544e-03
3.781777468648540278e-04
1.348076087744386978e-03
6.682060504063847169e-03
9.832422510671190441e-01
9.790471314452028461e-04
2.871159258163578087e-01
9.943216545531972927e-02
3.987555973786234276e-01
1.598208575580096213e-01
1.810051916776410363e-01
2.040350711738625478e-01
9.630511956419199326e-02
2.250749116024568924e-02
4.098569943735380465e-03
2.499336254251952050e-02
1.454064677848349862e-01
1.364723267680001684e-01
1.252025225514840452e-03
6.421212960030155126e-03
1.142827292438065856e-02
1.625591942281850151e-05
6.083201001524341303e-03
2.246060317013834906e-01
9.452683270070988061e-03
3.601972719653766426e-03
9.976103293074572997e-02
2.589821878539822486e-01
8.469573816185616000e-02
1.841367401061275166e-01
2.289978964167295179e-04
1.259200570429767629e-01
3.818140014249129903e-03
4.770762403292129472e-02
1.211817113684630562e-02
6.150337464182491221e-02
7.958840138709515344e-01
2.254842488095865332e-03
8.957263757482528121e-03
2.775733771838991872e-03
5.706472152683225163e-01
3.064306445919814676e-04
1.754600745464099994e-03
1.645888052360455489e-01
8.785547338410008020e-04
9.362942342162221543e-01
4.077641929944054167e-01
1.874017880005374725e-01
1.095311959571698690e-02
7.220046108948137767e-03
3.359518780107561414e-02
4.218991437297364699e-01
6.183769795786225258e-05
1.914979626498803864e-02
4.698049178916140906e-02
8.128604244223927577e-02
6.129767269112904211e-03
1.305723169957970393e-02
3.830960374906712262e-01
5.038815876696735030e-01
1.956534975098039586e-01
2.682535891702765851e-01
7.473377435121302448e-05
3.200902099846565413e-04
2.304368312325477675e-02
3.440196059424228681e-01
3.555241655283229805e-03
9.214222266073149314e-02
1.356271026993497537e-03
1.353905026799230018e-03
1.472124118045318834e-02
2.396290601391251329e-01
3.278355042336794384e-03
3.712990910275914408e-02
1.316202826428249442e-02
1.377085645588595544e-02
8.110787101588248825e-05
4.887584447143809019e-01
9.157487789682844902e-04
2.735633537093284939e-02
2.500014007429163590e-02
1.825863757825748057e-01
1.131002575278448330e-01
2.192663328402716105e-01
5.731951974248817444e-02
8.838049882182604476e-04
1.813203468461915546e-01
3.832098649699165055e-02
4.663110786290944505e-03
8.616274094644256725e-05
2.270271960523684851e-01
5.945375554728589418e-02
1.228413722327241844e-02
1.223360180184612182e-03
1.912424072330854384e-04
6.854766519769837085e-01
5.962395525336722799e-04
1.842927692939588477e-04
3.956165790131314962e-05
2.515500224371495716e-02
2.502328082381625740e-01
3.955532936785770802e-03
7.943382195431799575e-01
1.889582242378922972e-01
3.284271967623247218e-02
3.352809269650295146e-03
8.652464096921959336e-02
4.873205049790460541e-02
1.727818487359293054e-01
4.299888876417828215e-02
1.826056075007912588e-02
6.961431057659902555e-01
1.552071222031518594e-01
1.371300525962095701e-04
1.137189198477359152e-03
1.801119573183399946e-03
5.892273903889621526e-04
7.408994355568029877e-02
4.966769049415933295e-06
1.633834663029919186e-03
7.181454557495117741e-02
7.053502339268391541e-02
9.665349301645491664e-01
3.506074849710208202e-04
3.058519377264992678e-03
1.237673986092295390e-03
2.589956714116615005e-05
4.230596661764528255e-02
9.322079792516686780e-02
3.374604341802120585e-04
9.871312530884553960e-01
7.943498072591201938e-04
4.896818834705219487e-04
1.512508162511373537e-02
9.702792082518810202e-02
8.726510766079114897e-03
3.609338151293131625e-01
2.936636731376438547e-01
3.153640368936150296e-02
1.388160238634429536e-03
1.254144819964957049e-03
7.657828713450752023e-04
2.643154918326780511e-01
1.067481157578718202e-03
2.124162045449774772e-02
3.840674644674864358e-02
6.999748904101239511e-01
4.238529082486396926e-01
1.147258186003083553e-02
1.905147736920394796e-01
2.550116537876433859e-02
8.590693645856227814e-03
7.898290318249698815e-04
6.578124412911084962e-04
2.018531063148084476e-03
4.958180379754574818e-01
9.542798701948775053e-02
7.395276125321985361e-02
4.079257047527416052e-02
4.536846628570720408e-03
3.777342833135686195e-01
3.513404202304935744e-03
1.323954122291100440e-02
2.212547490080358278e-03
1.154380976268928996e-04
2.047969844930990282e-02
1.598509046406179252e-05
1.067919904946008827e-03
2.811192480267319174e-02
2.894784157620485660e-02
5.197548292455628910e-02
9.044068713773155323e-04
2.878282848941416533e-04
7.820368248084436091e-03
2.806487986736902127e-02
7.172381281957149746e-01
8.239737899621617234e-03
1.481820328656937788e-02
2.135425307173880014e-04
4.177236131190691960e-03
1.228762667851214811e-04
1.789397556270698637e-03
4.597981547989862805e-02
3.587175461129284149e-02
2.612054842994265269e-01
5.341559975281624517e-01
1.244687627805612581e-03
2.603064582641637613e-03
1.483567171848359789e-01
6.049093377733591459e-02
6.734421201946031062e-03
3.964844800252255766e-04
4.763753024318615283e-04
5.005609791830640393e-03
1.278273297028433703e-02
1.375110137067461422e-02
7.150898677466957509e-02
8.094296651758660088e-01
5.087566452179493881e-01
4.800409809650380000e-02
2.207838510215497096e-02
7.027453093700831988e-02
3.492156680777080074e-06
4.157094708377467862e-01
9.539332044059301019e-01
9.159862180512322594e-01
1.508522424088491187e-01
1.894758281520615326e-04
6.998353898891227637e-03
2.512189513452811260e-02
5.247588748202865194e-03
4.035608883243055724e-04
1.657886941652209623e-01
1.882021285059356326e-03
4.711138081923408293e-03
1.991109407963858810e-02
4.631721483475878358e-03
2.809449382404318948e-02
6.481577912207219785e-04
1.401360657540511867e-01
9.543387280321868546e-03
5.387136138996172913e-03
6.152246166885243506e-01
9.011781905666196302e-01
6.398691155470530301e-02
4.285174411566585601e-03
6.867213990011047930e-02
5.302761494237013612e-05
6.285553442980283956e-01
1.215395089294777709e-03
1.442759935061724008e-01
5.170442495247112857e-01
8.448979501825024663e-01
3.152442302713319346e-03
6.249313145525279278e-01
8.326236968331041099e-03
4.808242044365969672e-04
2.409116140719303953e-02
4.275068687244661927e-04
2.381083099558916893e-01
1.849084820331832653e-05
1.897131938658759261e-04
1.569006072414560039e-04
3.657752439788181467e-04
1.797709397958822562e-03
1.020290214581466709e-01
3.926734964574702530e-02
2.214991387959092395e-01
1.696485911033265501e-02
9.207423263933258717e-01
7.563228669442333130e-02
8.966862337705340177e-04
6.983190031358946269e-04
2.441791250128675650e-01
1.018034571032555162e-04
5.886590459178871713e-03
1.619800572374820733e-03
3.987373516906106354e-04
2.209816468818056601e-01
2.934598601581023887e-04
3.279239305989098408e-01
1.513855745547361409e-01
5.424530579655147122e-03
8.706316612241548226e-04
1.423191731341310051e-01
2.811022366461947142e-01
1.872867365662306618e-02
5.054785539915062492e-02
1.329236900309685096e-02
2.092426015666751411e-03
4.486949949245110092e-03
5.792525142604343022e-04
3.712635523533708987e-02
1.081326318095580313e-05
1.394689619532018046e-02
1.787918191991737498e-04
5.731998857072436761e-03
9.372249237494163498e-01
3.436081482547247157e-02
7.818404169816139601e-03
3.446626613060836523e-04
5.774545412644044654e-03
5.377325625098813150e-02
1.718665119474370364e-03
1.889571191440586259e-02
1.251328857306004960e-01
1.667391287907925420e-04
5.786259166963390876e-02
3.132140054411424734e-01
9.968497967912397506e-01
9.307060777139659624e-01
9.901584990020178001e-01
9.871495347070268211e-01
9.906036894042120622e-01
4.777652190754650974e-01
8.347750082349163492e-01
9.025728764134272053e-01
9.970259593543323584e-01
3.010711505852393666e-01
9.632108146808930904e-01
9.621980389719239080e-01
3.666457290876343200e-01
9.972980552521693021e-01
9.810655479481336094e-01
2.686847731277193785e-01
9.864603359122028348e-01
9.549845902286259181e-01
9.699259321348634444e-01
9.594607721797672184e-01
8.607208783501139049e-01
9.993571792147351029e-01
9.909909220205247449e-01
5.721285088521655959e-01
9.840542304187743783e-01
9.686700789009992096e-01
9.201398817133088492e-01
9.584559824744522949e-01
9.892338621271770105e-01
9.086752019312251960e-01
8.005614034839269033e-01
9.847209980572196875e-01
5.878771213739332202e-01
9.949118759588102545e-01
9.996026052835759179e-01
6.634220035650625347e-01
9.950696528708935507e-01
6.674182782390333246e-01
9.719090492030378892e-01
7.533789696760787580e-01
9.348972315186238058e-01
3.005481073776655188e-01
8.486184770112501496e-01
9.762238441026277469e-01
4.862593628325159179e-01
9.480800719812564337e-01
9.490522576967552748e-01
9.515505335243150675e-01
9.978535966757455800e-01
9.984556673083958556e-01
9.757877825357956780e-01
8.569668373933547745e-01
7.114979487409367476e-01
9.930164121710450820e-01
8.787922086497101937e-01
9.712164073008086040e-01
8.198849079819157115e-01
7.819967987520476393e-01
9.990472875716468470e-01
9.259175592306022606e-01
9.911018728242362297e-01
9.891539016277968166e-01
9.969690421190292584e-01
6.347890822881040451e-01
8.295346233323335206e-01
7.745152659137052309e-01
2.609035589763529783e-01
7.278158485508562370e-01
9.526267206662255571e-01
8.762330773082898094e-01
6.150603255544890846e-01
8.690363828732000639e-01
9.536697375329292736e-01
6.322369610365842219e-01
5.962767041683705305e-01
9.976163595569152998e-01
9.203662474290289497e-01
9.944110640523314837e-01
9.472343282693853617e-01
9.995601482696994111e-01
7.857796741983156252e-01
9.798735281099895111e-01
9.607770079327841994e-01
9.800000101175129208e-01
8.815152157564533075e-01
9.451968106783501522e-01
6.035877589578868552e-01
9.329905897533241621e-01
2.666449395570585357e-01
9.457465903610289271e-01
7.749219754600169541e-01
3.377615449839542761e-01
9.928300193447335831e-01
7.974879645114105742e-01
8.756994520475275268e-01
9.459520527098919107e-01
9.025451218314255453e-01
9.489592282353824793e-01
9.940705081875096383e-01
9.574592185886431350e-01
