5.086070884156305982e-02
1.994223001149086905e-01
3.897097795904060774e-02
1.110477134348028007e-02
1.283651159420995218e-02
4.266440169536274592e-03
1.235455159114281750e-03
5.410381186307673847e-03
3.156948414951028532e-03
5.463660806293215572e-02
1.739894843100962818e-02
3.156523244101504689e-03
4.689518451849303271e-02
4.159382805412663031e-01
8.393195127475881409e-03
1.560830905720161227e-03
4.152483109377240467e-02
1.028937303347059662e-04
1.088977028511922294e-03
5.723037614819526803e-02
6.889669316550407461e-06
2.588124655482342690e-02
3.684838128231967321e-04
2.611943024407497541e-03
1.772460889672784398e-04
3.146801736158703205e-02
4.993068589686063463e-04
7.834249278125761731e-03
6.786833647088571023e-03
4.543266035878028991e-02
8.892589605998575545e-04
1.884706430783439184e-03
4.881345246686454725e-02
5.405829013043064258e-05
7.004544495905846904e-04
9.946124719992654615e-05
6.498034921060698819e-03
1.343719656985386257e-01
3.800179946488053614e-03
1.736768227123409655e-02
7.906374851887944602e-03
1.864901285814684012e-04
8.190192627532469349e-04
1.642033978114445375e-02
7.809697944696743568e-04
7.552086686441046538e-04
6.893436252769438721e-02
1.373840673760240829e-03
3.047116122186374837e-04
2.734549801708092281e-02
4.444530866110230072e-01
7.350406090701456195e-03
7.886206840350627181e-04
2.046255121216443706e-01
7.996457678135954206e-02
9.429485639209946295e-04
6.103522588719429223e-03
5.692257447246770914e-03
1.278229222824776401e-04
3.106721400575136217e-03
5.231615247651725062e-05
8.518982944287518001e-04
1.412790798014530681e-03
1.773157746356998979e-02
1.490963844318656645e-04
1.544131743315844407e-01
2.553907212773725514e-04
9.046240939103731074e-04
3.961914201191474479e-03
3.233546040445379154e-03
2.420662637226926248e-03
1.259089176563187550e-02
5.396851829321602312e-04
2.993473907082868507e-02
8.990955018046108138e-02
2.128598856844794273e-04
2.524657008417626651e-04
1.841601738805627518e-04
2.253261097991402211e-03
4.471192370431911062e-02
4.705803838756977275e-01
2.169734667596202524e-02
8.343494600374822467e-05
6.371764752081155196e-04
5.098536356029863389e-05
1.182386364638031255e-03
2.674965142896409617e-02
1.839706586787634305e-04
1.533904885301933972e-03
6.353026272521090012e-04
5.126167088681952977e-02
8.809747046005389493e-02
1.877052625871291301e-04
8.040574809858938576e-04
6.805290409049478129e-01
1.262754546822850710e-01
2.614149117065710931e-04
4.468411952065758086e-03
4.100064085397399382e-04
3.299388319727373370e-02
1.332199328118974756e-03
2.235138760956632831e-02
5.306573100394186560e-02
2.193537472952487681e-03
5.698021054586980064e-03
8.896707281447972359e-04
1.385274204017027371e-03
1.444770946688099338e-04
1.148422638303429021e-02
6.816259377128187913e-04
9.528432023657580976e-03
6.645113951378686678e-05
6.417847408042322548e-04
2.925723294229336507e-03
1.819165532734670846e-05
1.615660824280443480e-03
3.615487447814993288e-02
6.712387993345428778e-06
3.055626231634507670e-03
1.164453292445734034e-01
9.077621506952794162e-05
5.542723478710661223e-04
1.061605979116258527e-03
2.534130222489305514e-02
1.823506454123938192e-02
1.495704015847260787e-02
8.654970850578123237e-03
9.587977274561765295e-02
4.626240595135930225e-04
5.713784582970305240e-03
1.605089906192138337e-03
1.770536981306051680e-03
2.071125120046096724e-01
4.723004181295710480e-03
8.225421549868875814e-04
1.443928445900968804e-02
2.561150901925141120e-04
5.202524085841164943e-03
3.268945389105222369e-05
3.884178667864411302e-04
3.263809318909377641e-04
1.347694783132928967e-02
5.153030198256874743e-03
2.619468312166312561e-03
2.471721676811161551e-04
1.494086844748072267e-04
1.521963477831040669e-03
3.779281065086380949e-03
4.139926234301464993e-04
8.020189275677830007e-03
8.331739110350382810e-03
2.062704342472432075e-05
5.229326871314468345e-04
4.411110819068041867e-05
2.491591614532883414e-01
2.049904820783593484e-02
1.988681211316612601e-03
6.432730910181608043e-06
1.478322390756838575e-03
1.256168815367753131e-03
1.258366414356605345e-01
3.728992120849908406e-04
7.230848243849191930e-05
6.605272809763895400e-03
1.139458461689799983e-03
3.830319939344740687e-01
7.439045920065742810e-04
1.110771816309989854e-03
1.248396785059623950e-05
3.493259261654624043e-03
3.570819182769023256e-03
3.348964306780134997e-03
1.712103761497810184e-01
1.960841705840829854e-03
1.296428914161431856e-01
8.698607168025428160e-02
1.038520917177611080e-01
2.449654731501510127e-02
3.048689647039646081e-02
4.273630717666024315e-03
4.900064820875721545e-03
1.922071926982707110e-02
1.379846109925358770e-02
1.963241238336107478e-03
1.689076778800248924e-01
6.639386908124791454e-04
1.128602407698238105e-04
1.432044259692474841e-02
8.456458490867730174e-04
1.610412952484472889e-03
4.994528408500522530e-05
1.995474890791429888e-03
6.793729945494806667e-04
2.307637426752204616e-04
6.753714564662267883e-02
8.580035369232763521e-05
4.757938351602172583e-04
7.034425980325527406e-02
1.250545172756034884e-01
2.227515343199941086e-02
1.253838152286932198e-02
6.242815149240918751e-03
2.740026709829556251e-03
1.515478927329752534e-02
7.715757850965889938e-03
5.644590791312747297e-02
7.829079150247732211e-02
3.171245207965088519e-02
7.215391649825576847e-03
4.907742144439038515e-03
6.559085081969524790e-04
5.086405162752491367e-05
5.319983116553374941e-03
2.985917726705020550e-02
1.958101647776009854e-02
9.022974948316060673e-03
8.701562456410391611e-03
1.188683478361217015e-03
1.296612272459932375e-03
1.127055032774543220e-01
4.640546365046584708e-03
1.987825121841603569e-03
5.009493840773943801e-03
3.467887112984998103e-04
6.062849846450032998e-02
5.122754482912594831e-02
4.616816614178324840e-02
2.783389300657436709e-03
2.158588933171021271e-03
1.892796656031628735e-03
3.156445691313473911e-02
1.503117523653500417e-02
4.140163262039574590e-03
5.694389864615319666e-03
3.411150457691580068e-02
2.671288923050658872e-03
7.388770992310161358e-03
4.006718251315680851e-02
1.112330486634579077e-02
5.390373488793897698e-05
1.454707320299503809e-02
8.041818460460346124e-03
1.804702286090707590e-03
5.548615965549280084e-03
1.398138809198931284e-02
8.392882687760677696e-01
1.881825805296132720e-02
5.372552353396633368e-02
2.850992814081837814e-02
1.452258635068365451e-02
8.081315156131679139e-03
1.434574068328969276e-01
2.210006955667646455e-04
2.634182254182752640e-04
1.774896296750004109e-03
1.019876449513117643e-02
1.873269541046401407e-02
4.732112362932702244e-03
2.710494841357450973e-04
1.574098786683044674e-05
4.275868076029112202e-03
1.195137414153141231e-02
8.707176885855183760e-05
5.074819610704910111e-02
1.871539191742729175e-02
2.077776953198389506e-03
3.891071468213402147e-04
9.041103493069647945e-02
2.176470480868273119e-02
1.782319694536568973e-03
9.850060284105649488e-03
1.565464356949764586e-03
9.306448428255415656e-04
4.125759118790841423e-03
9.418738194927401327e-04
7.042042073256278741e-03
1.078411990347781166e-02
9.620967503409327826e-02
1.311344676224083571e-05
1.503848604123055044e-02
1.189636473037787301e-01
1.685298374471946858e-02
9.175940072652856438e-03
8.813107901963060375e-03
1.359482132874632529e-02
6.456750105280501797e-04
2.013759558495983593e-01
1.944395254847505403e-02
2.599053797555216441e-02
2.367511337171360804e-03
2.187864697952343466e-04
3.621142616218109896e-04
2.008179322915439047e-02
3.631171636883030567e-03
3.373919754308120356e-02
7.121312041668883814e-05
5.334316903574572860e-02
1.199174832616799381e-04
1.975091625945883233e-03
1.813038985581918918e-03
1.979395601116835587e-02
9.472428508335183073e-02
1.013946960490767161e-03
4.412821775190099542e-03
9.665582599984848299e-04
7.142184267184477115e-05
1.293153061920634256e-02
3.327559861674917081e-03
2.216713918202082006e-03
6.919730544849648493e-04
3.716636060343116166e-02
1.663194192109753453e-04
1.841156637064588278e-02
1.992265584285679222e-02
3.339198372120628591e-05
3.050529941347476272e-03
4.014869608474497947e-02
1.388827156601784739e-03
1.431015347555652152e-05
5.123783068244680333e-04
7.918878157129655496e-03
5.874811538050991313e-04
1.414704697251428778e-01
8.131592497823372139e-04
5.441972312329058231e-03
5.147732216243197309e-03
3.483653623369766146e-03
9.555001704222732136e-05
2.502450160579800572e-03
3.363850682335289138e-02
2.745583627860672966e-03
2.729328366067339034e-04
1.437360064135531287e-02
1.627978894616848135e-04
2.192897089045313039e-02
9.308711609702635670e-02
1.545613645061128471e-04
4.246955730178526216e-05
1.695711923979005276e-01
1.139825583472359460e-01
2.396810041349753935e-05
3.309982210311126745e-04
3.305672994629196143e-02
1.574385964935208753e-03
7.043047904144711380e-02
4.548099558133038289e-02
8.778122626433255971e-02
1.098768502178780332e-01
8.491100793154832127e-02
1.520248992449326625e-02
1.221060176601230379e-04
2.877060563547028868e-02
6.359768020988359831e-05
5.129512745412152276e-03
6.454496113547106839e-01
1.238791132185354527e-02
3.943873224623788420e-01
5.851200384203198747e-03
1.548702719578250522e-02
5.018014325935064491e-06
2.415777099543331844e-05
5.169801465745046259e-02
8.551117026762297124e-01
1.770422775563655071e-01
6.034502218445886561e-04
2.106146939781099224e-04
3.288615072787400180e-04
4.722182652488293025e-02
7.288668822432387007e-02
3.897004776513898349e-04
4.261156068281400644e-02
4.166042704951568483e-03
2.726392997171933064e-01
1.461316432751602856e-05
8.979195182621018062e-04
1.058619944010221186e-04
3.017374779457028533e-02
8.806034358866636838e-03
1.734991659752458141e-03
9.612989515994245504e-02
3.038341812360762298e-02
3.318015912042708180e-04
4.250571621746855600e-02
2.384993559838500393e-03
5.285486136042519267e-02
9.588678431507325906e-01
1.749630507685872357e-03
3.176444910157221781e-04
2.190707443118471709e-01
6.079113367118287314e-01
1.366524857079489882e-03
3.460795170641275216e-04
1.486960551559171964e-02
2.445480737315139808e-03
6.890229230953494712e-04
5.926521720527627018e-02
4.069445217737607985e-03
7.831528680955116006e-03
7.270887353307672364e-03
9.850359586340978746e-03
6.557397658830008136e-02
5.179266896766213102e-02
8.585632600699827875e-05
4.454771328134775592e-04
1.385010665116621388e-04
1.842994563320106069e-02
1.628835906657383550e-02
3.466215951744214610e-03
5.094875010864021586e-02
3.474664276028291421e-02
1.778869457741542783e-03
9.298444451462054700e-03
9.524814043244016204e-02
9.818508972577436218e-04
1.078440759429152331e-03
1.495936547349761142e-02
5.129828224889111665e-02
1.125466968556867835e-03
5.142939374342027012e-03
8.873799980165995816e-04
1.002645437936056615e-02
5.133987204595696950e-04
2.696577621232766533e-03
1.237195776541425362e-04
5.100012818910552555e-04
5.697571235539871911e-04
9.918164949714898884e-03
2.141370367665850968e-03
1.800664880105967269e-03
3.000661678915288455e-01
5.640856248804435591e-01
7.753304374520430219e-03
1.132747323573530080e-05
4.775736669573286616e-03
6.037017891228409205e-03
4.323607433379926816e-04
4.606741171241330278e-03
1.174494644678748673e-01
6.279879745891906980e-04
1.675298758057894646e-02
4.287041879314373166e-03
3.333106570153714088e-02
1.046215416724737614e-04
7.734273149946073629e-03
7.711713787048728739e-04
3.406756133650067509e-03
5.128033604802128892e-04
6.317231846813503408e-04
2.831841879574330560e-04
1.851992796565180704e-02
1.972286432469096129e-02
6.796206996866945016e-02
1.284625146932638108e-02
3.095684842833726445e-03
1.392627089416587647e-03
2.517210465536822220e-02
6.386886134399778481e-01
3.250500749677282669e-02
9.649127598164060349e-03
8.439722945257968883e-04
1.484695699321372580e-03
6.098125339059229724e-03
2.869113206579789691e-03
7.213749145404758966e-04
5.288172444322179581e-04
5.402913811748664454e-03
1.431189538957497367e-04
8.720124408916153647e-03
1.489828785721025034e-02
3.743222768846126889e-04
2.420283519842809927e-02
2.188413621583006410e-02
2.445849035674884644e-04
1.280764773572666147e-04
2.225378974090169715e-03
3.206896676663005541e-02
5.256504036215962038e-03
1.536238733541241998e-02
1.119795063801800683e-03
2.569492185414098723e-04
7.544692341384669860e-04
3.296770387208662026e-04
2.500128807936676878e-04
4.369359274027648406e-03
2.590457112117728888e-01
2.909030889698674925e-03
3.328614292084761464e-03
6.071673433844176210e-02
7.333816684699363776e-04
4.181200398366009385e-05
2.406205726788850918e-01
1.849985714700786224e-02
2.379838363050688910e-02
3.637844141004112353e-02
4.649745983627036480e-05
2.828155949975234926e-03
2.631586549869429931e-03
8.090382607201802856e-03
2.227533853457308866e-01
4.532097900271887190e-05
1.591890996639838901e-03
1.852477098878774209e-02
5.264332150603305040e-03
2.871897683333717496e-05
1.923155982809100556e-03
1.733113303528617598e-04
1.013639419594530508e-02
2.190008613504203401e-03
2.126499593859076248e-02
3.211105221430252815e-02
9.580316246624676069e-02
3.486922674846984482e-01
1.345518895688635431e-03
1.969156323389928964e-01
2.602524337813742414e-03
1.759423407492957106e-03
4.663818882236229406e-04
1.031464081322630029e-04
8.619141391986988310e-02
9.575908123907184155e-05
1.302058128202505417e-02
1.840777730132183918e-02
6.071300779105602910e-03
7.906818426191876414e-02
6.005984653895277831e-02
2.463185711270462997e-04
2.264326598546906669e-02
9.509163124974404687e-05
1.115973346150208577e-05
6.147508400350871257e-04
1.527501017860082456e-03
1.055240001495280069e-03
3.860990440212419919e-04
6.004749805678486624e-02
6.068244864997585043e-04
6.594883455048258236e-01
5.369220722799201203e-04
2.960295059892092528e-03
4.141590925684103378e-04
8.048136575166522705e-04
3.811582116387984853e-04
9.143271343947657892e-02
5.046045768396977211e-04
2.649962889861922060e-03
3.168942997827702834e-01
9.005272187626563521e-04
7.242777599245598611e-04
1.637338590699857072e-02
1.598470153671775404e-02
1.527682503157432861e-03
3.455439790482541657e-05
3.654932894606122097e-04
4.982361403320191735e-03
1.905145829003823937e-04
1.649894484931223705e-03
6.909816929500573780e-04
7.465352802966555628e-04
3.686442885722815790e-04
4.004415081988794869e-04
3.112454466325091673e-04
1.478145099624280712e-04
9.128179827076161185e-03
2.344445368796997317e-02
1.565838309886439053e-04
3.132933801047624311e-01
2.116277616480691931e-02
2.955990286448397474e-03
2.955466228480859141e-03
4.159224397669019778e-04
2.999537344357570273e-02
1.538891733333485213e-03
1.808517983784901787e-03
3.407580593072573804e-04
3.372980190653217525e-01
9.281985704231388024e-03
6.644777786379950021e-03
9.606528661939612744e-04
9.670252442609234843e-06
7.461035102268711271e-03
8.677395158769868203e-04
1.779295343622115536e-04
1.531223726939825568e-03
5.976679612744894199e-05
5.134882627746168576e-02
1.320219765770301633e-03
1.509788731906241410e-01
1.289848518860315339e-02
4.297665181887654062e-02
9.786049148240074519e-04
5.065435794262288828e-03
3.025397526829439743e-01
1.131564904277846230e-03
4.806031241042858955e-03
3.465295844258416413e-01
7.509931200122564425e-03
9.588331219685672173e-05
2.498470153597832227e-02
4.476326490140214096e-03
8.232742708754561475e-03
1.914172674862682499e-02
1.041344122290535287e-02
1.244081543205587516e-04
4.633876745498547757e-04
2.295701040680766039e-02
2.320635467021368858e-01
1.608492439751137495e-02
1.468653643971657135e-03
4.414570583506518750e-03
8.524232632147193825e-04
4.316120012939935586e-04
5.456655668365646694e-02
6.424747947001215875e-01
1.431195969153190766e-04
1.645022522932287261e-04
6.891577874548785679e-04
2.850250095672095599e-03
1.502345072276586608e-03
2.392657641727604506e-04
7.245312577945361987e-03
7.877065920656504960e-02
4.938315248550517178e-01
2.238659513224511386e-04
2.885366908469701522e-02
1.428141024992441506e-04
4.469993007828890544e-03
9.555503541913049070e-03
1.119058743524434067e-02
1.407907064433713828e-02
1.718262313767401350e-01
2.343203958986741337e-04
1.485970971501096019e-03
7.807645724342855871e-03
1.765461487950942265e-01
1.515087341884980697e-04
5.226324334627830727e-03
1.439209581676174678e-05
7.880388355734650394e-04
1.470337319204002586e-03
1.654490372011193982e-03
7.480735435689495408e-04
4.547404804982728421e-02
1.366943559140196201e-05
2.126236943845124724e-02
3.277170341450505496e-04
9.282557934276420425e-03
2.986535937889754698e-04
2.036648734773301855e-02
3.089923362512751390e-02
1.350136507177752132e-01
4.241150239627579127e-04
1.995554984324708070e-01
1.122488748980613876e-01
1.906597692160400259e-01
2.995776107460869104e-03
1.394528058905603329e-01
6.985880258859474522e-04
1.704464495151223891e-01
5.016861708238813146e-03
1.157334811677420902e-03
3.902708460998240726e-06
1.265793583424519499e-03
9.308091835504907555e-03
2.083040037934886981e-03
6.035628048840274013e-02
1.607622406953411118e-02
4.736653414266752370e-03
9.136253780762013631e-04
2.358066332801046772e-02
1.182467483866438129e-02
4.350122210953708685e-02
2.838185673864811534e-02
7.984168441377321665e-03
5.044813058238474535e-02
9.719880740046148463e-04
3.730189909072911965e-04
2.023736757507896299e-04
1.830777310716700385e-02
9.807444300448461827e-02
1.819345802737450807e-02
4.027568061647100739e-02
3.869180638451807930e-02
1.613137157623080172e-04
1.341623727854637576e-03
4.861295401220235707e-03
1.956543621085423956e-01
9.430499978775236380e-03
1.347564767665395957e-01
2.448300900347435537e-03
5.339891405582661461e-03
4.960804049215355831e-03
2.199812527987320479e-02
8.136498138752085163e-03
9.756390519058241034e-03
6.138873649361342721e-02
2.846682961365560520e-04
1.180289906475320665e-02
1.485502529200604001e-03
6.177204343689293492e-05
1.951773724412017043e-04
9.169458271146054950e-04
1.581577319109257166e-04
4.157470355569860797e-03
2.108161831771533656e-02
1.558664692597286350e-03
1.083795411257691341e-02
9.128184339856207970e-04
6.796576170052152401e-03
1.134534788600323691e-03
4.521337612126234001e-02
7.357216942237760661e-04
9.862389184498192574e-01
7.017752828806482360e-04
1.543016575222144087e-04
4.688331805372373835e-04
3.908916222388101117e-03
6.172681590495635584e-01
1.214107183723124898e-03
1.878901560249994149e-02
1.731243893297990111e-02
3.906585112590162806e-02
1.283354832645452505e-02
2.646649807591795051e-02
1.782236682647708043e-02
1.286108007779173355e-02
6.035565522816182388e-03
2.861044478309485639e-04
9.362784233855966573e-03
3.017692769157164293e-02
1.291420729682993783e-02
4.250060489844949708e-04
8.117036817935245141e-04
2.039339193451629104e-03
1.448238189779779356e-05
1.755110354037721278e-03
3.047831835802996062e-02
3.588142966340775088e-03
5.436344421445406857e-04
1.825471515485038720e-02
6.052258464633184648e-02
3.841971704344276234e-02
3.781709387580476506e-02
6.301576523764289782e-05
1.551951492083433401e-02
1.262718529370940443e-03
1.518459885406757068e-02
2.159573713060560819e-03
8.952514628917888212e-03
9.994009971595381459e-02
1.287085351188901189e-03
1.487064910624499381e-03
1.820829610485430157e-03
1.528315047284192763e-01
1.046641694868982297e-04
3.494602925996939365e-04
2.475429893499921097e-02
2.927014678482642274e-04
4.845548535135392743e-01
6.700124147358589577e-02
2.458443193212696970e-02
1.063807142858091840e-03
1.361261401673684659e-03
8.226250524509991918e-03
4.659494834460389812e-02
6.104638184417468560e-05
3.671928087527118450e-03
3.148884905511726163e-03
3.561523909131761659e-03
1.949284335843231176e-03
1.187508821484867944e-02
5.679327597634024893e-02
7.782154446996984720e-02
2.397392580056443429e-02
4.501341204930899703e-02
3.114462686105659860e-05
2.539801604904705270e-04
6.829785949953707386e-03
2.910981770637230057e-02
1.402762539320654214e-03
1.263418371211779898e-02
6.080106937472516768e-04
4.094513941460881839e-04
2.317620120385574176e-03
3.776674681868623373e-02
1.747761326527507743e-03
7.222919491903101105e-03
4.741661605360832955e-03
3.707823217681661607e-03
4.620666673022002222e-05
1.153921713108313346e-01
5.773843286544565277e-04
8.862311165905767743e-03
6.962422872662473762e-03
2.016761103364689625e-02
2.585405371679951048e-02
8.798249630020754664e-02
8.926962437982730036e-03
3.172599799092247464e-04
2.315978127105796161e-02
1.161420563369285237e-02
9.087148979871664247e-04
3.779488221331129243e-05
2.543990383527809998e-02
6.349855680813823455e-03
6.367679582117542758e-03
5.143007756317889180e-04
1.268663197136450725e-04
1.548087257257090288e-01
2.787773260565960202e-04
3.031824168682030007e-05
7.601859731475317690e-05
4.514674815273321713e-03
2.933207794920279082e-02
3.261719280948588776e-03
2.701691302459235389e-01
3.882848069772711769e-02
4.246504292741813333e-03
1.056683895798801341e-03
1.207448588866554505e-02
7.971933264535178976e-03
4.934391463416195472e-02
7.671144643632513138e-03
4.908322814158236173e-03
1.819401981419018210e-01
2.395001905673106030e-02
5.328982956898140435e-05
8.997790082977272707e-04
3.639415077036765758e-04
4.642581076304336989e-04
3.035272870273597601e-02
6.626860926576992021e-06
4.321220253377692166e-04
6.576111047557429284e-03
1.290953852353543888e-02
5.771028804034432635e-01
1.274071643236230494e-04
7.414994636659060813e-04
2.344512006877646603e-04
1.481408741869932148e-05
1.364140459635495781e-02
2.368022263303285260e-02
1.717260034410571744e-04
7.752783800038713924e-01
1.933932688831487207e-04
1.253456256508165417e-04
8.019765277939485543e-03
2.310546671965468465e-02
1.865689247631231078e-03
2.667643562802142140e-02
5.460433480582082416e-02
6.833513438097061493e-03
2.496658179271861477e-04
6.387035815601552983e-04
3.899789382712365565e-04
2.970867698522949851e-02
3.753844891370987000e-04
4.165261855491772872e-03
5.975481842237032222e-03
1.040522778067933946e-01
6.207896265249552431e-02
5.924332413400627134e-03
3.032854905153262517e-02
5.733588823125209885e-03
4.243103772486673392e-03
3.958190895051359411e-04
1.768876949527297781e-04
5.088362305930501121e-04
9.404312269781879563e-02
2.358516715124102381e-02
1.036788042349677010e-02
6.633658855023410322e-03
1.079734740999936486e-03
3.708060552781415609e-02
2.986456482482773098e-03
1.639773899768663841e-03
7.583580502082226628e-04
5.007079827030252116e-05
5.853124357789492825e-03
4.193497358503107107e-05
9.722041399868150587e-04
2.653387070199889845e-03
3.567006967527235149e-03
1.215999046744936293e-02
7.688062226181700170e-04
1.966059039058945838e-04
1.462567479663773448e-03
8.549011143461973661e-03
1.495033727482240893e-01
1.743382328751585117e-03
2.086807269569272705e-03
1.102534812809334715e-04
7.488145975644916940e-04
6.713096194410485913e-05
1.276419313444199840e-03
4.322882646336067246e-03
9.406929271778552426e-03
4.883926006137701004e-02
1.394184722491406403e-01
3.760136793007278302e-04
6.984658054406741191e-04
1.831341903020160256e-02
9.093223739495162258e-03
2.233749543736384194e-03
1.992347343585830683e-04
5.824084906842567607e-04
7.971940101444777984e-04
1.417938939607179052e-03
1.394303312700131145e-03
1.311067356154030535e-02
2.299259309666526752e-01
8.046136812060816768e-02
1.753486773101436622e-02
5.490324504718163516e-03
1.737919651080201827e-02
6.629203132399585167e-06
3.008939773139383128e-02
5.309372422574760719e-01
3.059100457168775766e-01
2.282551032531364779e-02
1.235705026703305014e-04
6.939039260939618798e-04
4.657167326659221625e-03
6.315527540112522665e-04
1.142487445088269247e-04
2.324687030244126928e-02
5.475514237227190918e-04
2.144739813707493854e-03
4.509154997570331488e-03
7.505715575418784495e-04
4.885343844820867233e-03
1.570274982448001942e-04
1.399759376769052835e-02
5.064998873088192265e-03
9.595385929021807078e-04
1.000003376070021516e-01
4.553171099646487474e-01
1.793873403500220384e-02
1.468697943879730379e-03
6.029226528845156412e-03
8.973272557725752482e-05
8.742280672083341253e-02
6.339628770640641292e-04
2.431095490987490032e-02
1.356475519690212295e-01
2.394839281293425215e-01
1.175839239539218893e-03
1.999098160721442252e-01
1.879234206286856763e-03
2.257196374124501449e-04
4.541026930462019155e-03
1.134211902297518968e-04
9.413148828230290255e-02
1.814541197209136919e-05
1.000766522655666271e-04
1.291040545168603212e-04
2.222405716113212508e-04
7.608318551275104757e-04
1.448713382051266575e-02
6.319694977746906708e-03
2.133590516988077487e-02
5.903945138919837292e-03
2.984242475449499499e-01
1.090779139937293231e-02
1.480797053033225440e-04
2.369471245316473842e-04
4.883240956602022398e-02
7.601573675264869932e-05
4.338728789094136416e-03
5.787850593554565940e-04
2.910540465847533164e-04
2.789827520828936161e-02
2.485460988844137749e-04
3.584693607233405133e-02
4.948653168499054372e-02
4.010971517806995526e-03
5.190035235878786516e-04
2.032414302700476585e-02
3.747753359345615265e-02
4.801420785632585717e-03
2.906356739372975562e-02
6.180424791165247365e-03
4.851147868696554025e-04
1.396533980777746927e-03
3.253550947958964924e-04
1.136505049223326957e-02
1.385674347293087647e-05
3.875397870426949311e-03
9.036340424885238502e-05
7.866494860446340614e-04
3.967804321297113135e-01
1.248983032006865078e-02
2.623199697626361297e-03
1.716384787545822282e-04
1.415903144782755052e-03
8.631625205113433591e-03
1.138292314116342045e-03
3.410686177133375255e-03
9.365467234829422116e-03
1.396359991883086311e-04
1.363679617590175981e-02
2.878968974902447464e-02
9.553566835084962294e-01
5.241474885498449421e-01
8.903483247076601215e-01
8.353002725527073347e-01
8.670707319320295481e-01
6.052298935686514086e-02
3.099448603946123870e-01
3.483363060838893799e-01
9.565343056962883894e-01
3.885931995336790873e-02
6.553724278801654757e-01
5.978130187100043624e-01
4.465584638677452811e-02
9.651142572414467269e-01
8.467511192386785179e-01
2.745848156171930982e-02
8.246597465140879102e-01
6.705831711479177670e-01
7.586874952868045696e-01
6.246350040782048252e-01
3.262250214587117392e-01
9.872531305929567180e-01
8.927637756714644768e-01
9.096136252698511226e-02
7.861906395595409380e-01
6.603972637467031559e-01
4.868623530626888796e-01
6.446891226783482143e-01
8.842676083867525572e-01
4.171338038984969132e-01
2.085086382588182963e-01
7.987355205603592356e-01
1.195570738726874777e-01
9.250429393951323798e-01
9.924941109767779768e-01
1.562291534066904686e-01
9.306346229642070700e-01
1.382853083042643039e-01
7.604537179654140555e-01
2.423467110209007458e-01
5.525541291712656733e-01
4.223781918394148294e-02
3.271112237181934557e-01
7.969189528621237750e-01
9.103455303225253814e-02
5.517229859439207740e-01
6.494145940372243464e-01
6.118664583513134803e-01
9.673880583104103037e-01
9.771904973088411106e-01
7.636923039070229180e-01
3.476054214311350421e-01
1.848012397925300199e-01
9.219075338293433175e-01
4.190129373795318246e-01
7.598626968238779700e-01
2.453050664595660124e-01
2.005535276441738624e-01
9.871582798485263321e-01
5.075717298935580324e-01
8.761070806151317614e-01
8.511029075402573030e-01
9.557804247784302820e-01
1.379345299387533808e-01
2.683616434835013331e-01
2.243015273134021936e-01
3.053846700846577986e-02
1.951105030464546641e-01
5.833628349256136936e-01
3.605765690316743988e-01
1.255236536059687602e-01
3.471886437358195354e-01
6.514710638272835919e-01
1.205921552904437311e-01
1.338294485932411126e-01
9.620798659169628175e-01
4.976247512788332106e-01
9.217718994404218158e-01
6.009599822030908811e-01
9.935318096837606472e-01
2.788886247365662263e-01
7.774067929762840112e-01
6.747608828155565730e-01
7.521273468252638317e-01
3.907129183002825967e-01
5.631961063029582437e-01
1.204458834324159955e-01
5.438867423399085244e-01
3.249662095732466088e-02
5.582294808948973230e-01
2.916186562160230644e-01
4.784627815809148338e-02
9.084801203769156119e-01
2.792693631879208938e-01
3.322850727728922648e-01
6.144286486788754775e-01
4.315686604228169965e-01
5.333394843659385876e-01
9.292983100393816809e-01
6.645497007920407873e-01
