8.395905142632904827e-02
4.127474977508553966e-01
2.118094104640165232e-01
6.138587879452023915e-02
4.316272162210994523e-01
1.892561851062969092e-01
9.996471730240990006e-01
1.700224202220766700e-01
4.510928148417207156e-02
3.194437691068789387e-01
8.113774406354237190e-01
6.280052973983903108e-02
2.777037133956792858e-01
1.717340822057849548e-01
9.388549732031684636e-01
6.148189734992862837e-02
2.134253049316386375e-01
3.052310206851403529e-01
7.764684253713056705e-01
1.797198617092762019e-01
2.535053608194624553e-01
4.592825783731260131e-02
1.907898460424479192e-01
3.624216270159805742e-01
1.158860843550290759e-01
3.031924934784664960e-01
4.170681467237957185e-01
3.637059713704195174e-02
3.273328428123703504e-02
1.249457505476208041e-01
4.877989008729948645e-02
8.181546626536700950e-02
4.169695829318585678e-02
2.281170657086800391e-01
7.361964332986042914e-01
3.598742111507896579e-01
7.438386523982201681e-02
4.661250944288288234e-01
1.009596822899875151e-01
4.905078929106641145e-02
2.394332082078712287e-01
4.266533413964710975e-01
7.963051705231261046e-02
9.596472267216556162e-02
9.144104634872837201e-01
4.383916139415643121e-02
1.643796562537351846e-01
8.681197575202798111e-02
7.182850097019038982e-02
2.407152513242503955e-01
9.997969348034316805e-01
1.932322135236117511e-01
9.996727589199582154e-01
3.894795521572644859e-01
8.518373732045078084e-01
8.968113748380740491e-01
7.202721416656904241e-01
6.053466696780068768e-01
6.427848509686940881e-01
9.497304660707140966e-01
8.275765228108994398e-01
8.430963508294675446e-01
1.820338915541477587e-01
8.807313420544234939e-01
9.644594097457773740e-01
6.514059246508422385e-01
8.289144615350909628e-01
9.986069504539742958e-01
3.793487226313727034e-01
9.482520791773217939e-01
9.774244086097936268e-01
3.118115951126377294e-01
6.300748685452954856e-01
4.262022474224838042e-01
8.020873870112297244e-01
9.912836017866897276e-01
7.102157301061511330e-01
4.702087207734527707e-01
9.820117305323934342e-01
2.498708403672275646e-01
1.602604830745714137e-01
9.998601128207125210e-01
9.681688044709713115e-01
9.343402462471661618e-01
5.085322634486368898e-01
8.780018336013216684e-01
8.046773702617192603e-01
6.498029884760188057e-01
7.525089868982313135e-01
9.999454554726517896e-01
2.342785725854245327e-01
7.147137626919061182e-01
6.953308880671178471e-01
8.041847088787816844e-01
8.354013748988725618e-01
5.220584791672649994e-01
5.029738557814036337e-01
7.232956640366021706e-01
9.979439320225363952e-01
4.142511836155007288e-01
